10000 81844 3626 145 0.039988969 0.000343859 0.343347406 0.000037544
10000 72186 5149 906 0.175956496 0.000322644 0.343830312 0.000040054
10000 137737 4995 87 0.017417417 0.000258321 0.339072251 0.000036255
10000 71374 5267 727 0.138029239 0.000349655 0.347413237 0.000040410
10000 98140 5222 847 0.162198391 0.000227953 0.329974169 0.000039229
10000 61941 4313 720 0.166937167 0.000206397 0.273657134 0.000038403
10000 140914 2911 0 0.000000000 0.000382086 0.333137662 0.000038622
10000 60382 3956 182 0.046006067 0.000219630 0.273012901 0.000036812
10000 132245 2821 13 0.004608295 0.000398983 0.335774855 0.000035817
10000 137645 2645 16 0.006049149 0.000342028 0.324890915 0.000035767
