10000 72524 5181 908 0.175255742 0.000306302 0.343161445 0.000039800
10000 88784 6420 1599 0.249065421 0.000218175 0.273970312 0.000040260
10000 81030 5315 1122 0.211100659 0.000336884 0.336484602 0.000040766
10000 95596 7057 1886 0.267252374 0.000209874 0.279230625 0.000041830
10000 140368 2994 40 0.013360053 0.000365074 0.337891815 0.000036095
10000 60695 4216 252 0.059772296 0.000210447 0.273459822 0.000037186
10000 54307 3812 127 0.033315845 0.000232987 0.273520588 0.000036276
10000 71669 4989 1022 0.204850671 0.000324376 0.348570586 0.000041293
10000 94033 5165 984 0.190513069 0.000309731 0.342569737 0.000040193
10000 70500 6004 854 0.142238508 0.000319120 0.335192539 0.000040595
