10000 80055 5291 871 0.164619165 0.000308978 0.342586865 0.000039923
10000 86869 5599 906 0.161814610 0.000312330 0.343376491 0.000039981
10000 97839 6939 2065 0.297593313 0.000208895 0.279037242 0.000042330
10000 95363 6990 1805 0.258226037 0.000200817 0.280222899 0.000045010
10000 64046 4664 1094 0.234562607 0.000334052 0.335290344 0.000041365
10000 139915 2283 21 0.009198423 0.000350505 0.336149261 0.000035913
10000 75154 5371 988 0.183950847 0.000318523 0.343133429 0.000040139
10000 84017 6496 1239 0.190732759 0.000206252 0.273828815 0.000038759
10000 66293 4081 586 0.143592257 0.000228874 0.272973327 0.000037787
10000 71769 4584 913 0.199171030 0.000289529 0.346831532 0.000040954
