10000 69489 5422 871 0.160641830 0.000344773 0.347405898 0.000041184
10000 137712 4956 138 0.027845036 0.000262651 0.341040710 0.000037272
10000 91769 4184 266 0.063575526 0.000347253 0.346163212 0.000038560
10000 77249 2534 157 0.061957380 0.000353992 0.342009387 0.000035977
10000 54010 3676 227 0.061751904 0.000222876 0.273626017 0.000037305
10000 63924 3928 641 0.163187373 0.000325165 0.344354642 0.000038351
10000 93253 3905 271 0.069398207 0.000359616 0.345623459 0.000038080
10000 139063 3019 20 0.006624710 0.000386110 0.337664911 0.000036046
10000 94834 6971 1739 0.249462057 0.000207882 0.274233897 0.000040423
10000 91558 6713 1634 0.243408312 0.000205766 0.274746280 0.000039648
