10000 53822 3836 871 0.227059437 0.000318009 0.334561515 0.000036134
10000 64971 2739 222 0.081051479 0.000370967 0.342569428 0.000032066
10000 67910 4775 900 0.188481675 0.000329425 0.346374148 0.000036718
10000 136799 4972 89 0.017900241 0.000234611 0.342819902 0.000033952
10000 79106 5571 1302 0.233710285 0.000283938 0.329236332 0.000037954
10000 71640 5060 915 0.180830040 0.000341009 0.344910262 0.000036438
10000 75554 5496 1131 0.205786026 0.000344239 0.344415692 0.000038068
10000 98075 7060 1640 0.232294618 0.000206734 0.274615371 0.000039893
10000 95364 6969 1987 0.285119816 0.000212683 0.273822000 0.000038581
10000 80346 4927 294 0.059671200 0.000307952 0.335009019 0.000035190
