10000 75359 5270 831 0.157685009 0.000330745 0.341895300 0.000039637
10000 42816 2742 417 0.152078775 0.000240592 0.273489467 0.000036948
10000 88070 4305 378 0.087804878 0.000377356 0.342033738 0.000037795
10000 86159 4134 218 0.052733430 0.000336758 0.341763532 0.000037196
10000 98995 4610 706 0.153145336 0.000312524 0.340475036 0.000038459
10000 96337 7039 1879 0.266941327 0.000206966 0.273666654 0.000040922
10000 119352 3183 63 0.019792648 0.000361778 0.338570789 0.000036523
10000 82270 5911 1085 0.183556082 0.000347417 0.346440552 0.000041688
10000 77988 4479 742 0.165661978 0.000336774 0.343364522 0.000039307
10000 57133 4003 478 0.119410442 0.000207367 0.273322258 0.000037916
