10000 82039 4202 4 0.000951928 0.000343025 0.342662782 0.000028965
10000 62665 3717 0 0.000000000 0.000212932 0.273050852 0.000026720
10000 89111 3833 0 0.000000000 0.000340550 0.342749688 0.000030732
10000 92891 6729 0 0.000000000 0.000208661 0.279086117 0.000027163
10000 60818 4042 13 0.003216230 0.000328750 0.343288334 0.000026792
10000 94147 6732 0 0.000000000 0.000215788 0.273698365 0.000026645
10000 90693 4409 0 0.000000000 0.000326198 0.340407783 0.000031147
10000 70891 4900 0 0.000000000 0.000317922 0.347159836 0.000027144
10000 83079 4123 0 0.000000000 0.000352247 0.342227962 0.000029434
10000 80451 5230 0 0.000000000 0.000331811 0.342871460 0.000029261
