10000 90910 4186 249 0.059483994 0.000375458 0.346647119 0.000038081
10000 88070 4502 477 0.105952910 0.000333204 0.342250176 0.000037892
10000 137715 2431 13 0.005347594 0.000389540 0.336423135 0.000035829
10000 48339 3408 186 0.054577465 0.000219879 0.274012269 0.000036336
10000 56030 4007 423 0.105565261 0.000240470 0.273618956 0.000037869
10000 85322 4532 234 0.051632833 0.000340471 0.346883532 0.000037348
10000 80430 5673 1078 0.190022916 0.000311641 0.343256010 0.000040472
10000 68343 4985 961 0.192778335 0.000367784 0.344104965 0.000040280
10000 79887 4976 896 0.180064309 0.000347356 0.346636655 0.000040194
10000 71781 5264 1270 0.241261398 0.000227929 0.279754202 0.000040403
