10000 108725 5521 830 0.150335084 0.000281843 0.341552037 0.000039590
10000 90291 6703 1586 0.236610473 0.000218930 0.273756419 0.000039788
10000 58435 4022 698 0.173545500 0.000225813 0.277795950 0.000039351
10000 84066 4058 310 0.076392311 0.000354525 0.344600871 0.000037759
10000 89027 6450 1700 0.263565891 0.000238379 0.273676942 0.000040654
10000 92315 4277 117 0.027355623 0.000353161 0.340395067 0.000037174
10000 54371 3714 253 0.068120625 0.000251332 0.273727731 0.000036867
10000 136715 3479 53 0.015234263 0.000376710 0.341937645 0.000037359
10000 63402 3568 610 0.170964126 0.000322158 0.347327641 0.000036893
10000 95257 6946 1794 0.258278146 0.000186948 0.279050198 0.000041708
