10000 64062 4474 843 0.188421994 0.000309841 0.342749445 0.000039650
10000 78000 5608 1399 0.249465050 0.000231720 0.275005897 0.000039411
10000 92818 6846 1763 0.257522641 0.000193377 0.273676344 0.000040475
10000 85866 6202 1569 0.252982909 0.000198039 0.249941891 0.000035460
10000 67196 4744 933 0.196669477 0.000265532 0.246013907 0.000034148
10000 79000 5759 1026 0.178155930 0.000346302 0.342519141 0.000040659
10000 87631 4430 198 0.044695260 0.000333314 0.375341171 0.000091241
10000 71490 5092 979 0.192262372 0.000293730 0.343450060 0.000040051
10000 72784 4749 781 0.164455675 0.000308090 0.347501077 0.000040401
10000 73865 5037 1290 0.256104824 0.000305833 0.330482274 0.000042067
