10000 66081 4591 877 0.191025920 0.000333624 0.336346861 0.000039354
10000 0 0 0 -nan 0.000810610 0.349180911 0.000028867
10000 89169 6581 1357 0.206199666 0.000221924 0.278995496 0.000039976
10000 93994 6888 1752 0.254355401 0.000212483 0.278876504 0.000041573
10000 88933 6587 1301 0.197510247 0.000241891 0.252934443 0.000035518
10000 91746 6725 2098 0.311970260 0.000229247 0.246825447 0.000036992
10000 94536 4480 323 0.072098214 0.000335755 0.341855127 0.000037478
10000 65388 4607 821 0.178207076 0.000339274 0.341497651 0.000039502
10000 75151 5763 828 0.143675169 0.000385179 0.345279059 0.000040220
10000 93589 4690 443 0.094456290 0.000342876 0.346982810 0.000038908
