10000 63785 4536 827 0.182319224 0.000324250 0.343537414 0.000040669
10000 75166 5325 936 0.175774648 0.000332085 0.345099291 0.000039945
10000 87376 5978 466 0.077952492 0.000207877 0.278812015 0.000037826
10000 99824 4228 317 0.074976348 0.000386009 0.340793489 0.000037725
10000 140255 3068 20 0.006518905 0.000363864 0.333310933 0.000036072
10000 139413 3018 14 0.004638834 0.000350536 0.321235469 0.000036088
10000 77476 5861 1273 0.217198430 0.000300482 0.331498637 0.000041058
10000 61810 2650 36 0.013584906 0.000181302 0.275952027 0.000036803
10000 71344 5100 930 0.182352941 0.000297784 0.343403981 0.000039616
10000 93537 3684 193 0.052388708 0.000370962 0.342075305 0.000036942
