10000 2958571 2915861 62 0.000021263 0.000345091 0.352373447 0.000029166
10000 11929756 11929641 165 0.000013831 0.000315653 0.359548283 0.000029079
10000 36148412 36148371 47 0.000001300 0.000496988 0.389635337 0.000026601
10000 11994609 11994579 51 0.000004252 0.000594227 0.362223141 0.000029162
10000 25913872 23669936 72 0.000003042 0.000250998 0.373937964 0.000028581
10000 27505003 26257112 43 0.000001638 0.000257770 0.376751588 0.000028097
10000 12101801 12101801 44 0.000003636 0.000387847 0.365591661 0.000030185
10000 14578539 13462956 169 0.000012553 0.000331082 0.364392735 0.000028983
10000 15043083 15043073 49 0.000003257 0.000400838 0.341180131 0.000029205
10000 11279273 10236660 89 0.000008694 0.000397533 0.364870751 0.000030444
