10000 25616635 25290781 39 0.000001542 0.000334797 0.381702813 0.000029876
10000 31357859 31344927 61 0.000001946 0.000281341 0.388649107 0.000027695
10000 16509587 15660189 219 0.000013985 0.000314429 0.349803780 0.000028938
10000 14147254 14147254 5 0.000000353 0.000299236 0.290989317 0.000029020
10000 18388530 15315945 184 0.000012014 0.000383766 0.366012778 0.000028894
10000 16165718 14040009 188 0.000013390 0.000367954 0.362197204 0.000028805
10000 7140834 7140834 12 0.000001680 0.000361502 0.354075383 0.000029326
10000 18326133 18190479 29 0.000001594 0.000295757 0.301787670 0.000029990
10000 18910858 18205977 45 0.000002472 0.000298082 0.296267005 0.000026000
10000 14987505 14868114 100 0.000006726 0.000279151 0.266637181 0.000026721
