1000 376610 376608 22 0.000058416 0.000183345 0.008496938 0.000008262
1000 466876 433452 0 0.000000000 0.000146990 0.005823108 0.000005309
1000 534194 444742 0 0.000000000 0.000194869 0.007585262 0.000006859
1000 388222 388217 34 0.000087580 0.000193830 0.008529396 0.000008186
1000 415241 415240 7 0.000016858 0.000144895 0.005231254 0.000004898
1000 391889 391887 26 0.000066346 0.000189352 0.008152779 0.000007576
1000 353740 352799 0 0.000000000 0.000179783 0.007745421 0.000007601
1000 353550 352593 0 0.000000000 0.000178847 0.007203864 0.000007011
1000 367614 366658 0 0.000000000 0.000164157 0.006749599 0.000006470
1000 324814 324814 22 0.000067731 0.000194211 0.008360391 0.000008278
1000 486441 453133 0 0.000000000 0.000150940 0.006581299 0.000005963
1000 398129 389367 18 0.000046229 0.000212235 0.007929294 0.000007463
1000 396581 396581 24 0.000060517 0.000171721 0.006032471 0.000005640
1000 518486 449666 0 0.000000000 0.000166054 0.005885374 0.000005407
1000 364847 364847 38 0.000104153 0.000190046 0.007724110 0.000007088
1000 439007 420201 0 0.000000000 0.000143746 0.005448365 0.000005132
1000 433213 432213 0 0.000000000 0.000128754 0.003955504 0.000003482
1000 585548 311263 69 0.000221677 0.000157737 0.007545241 0.000007101
1000 392791 392789 44 0.000112019 0.000174245 0.007325007 0.000007145
1000 378540 377906 28 0.000074092 0.000182636 0.007135049 0.000006643
