10000 20548610 18858938 133 0.000007052 0.000321761 0.371646361 0.000028718
10000 15514085 13094385 7 0.000000535 0.000386858 0.361951794 0.000029280
10000 11194805 11194784 55 0.000004913 0.000414949 0.363514967 0.000030426
10000 13512263 13502653 36 0.000002666 0.000432734 0.363364056 0.000029309
10000 14437910 14435817 149 0.000010322 0.000295766 0.292145332 0.000028900
10000 9611766 6184363 1 0.000000162 0.000349882 0.353400826 0.000029211
10000 20231156 19389532 385 0.000019856 0.000278783 0.370349872 0.000028421
10000 15406036 13786548 17 0.000001233 0.000364295 0.347849723 0.000028776
10000 14522921 14179938 180 0.000012694 0.000284719 0.292136073 0.000028938
10000 14173293 14173257 58 0.000004092 0.000371573 0.362141032 0.000029205
10000 11231458 11231449 45 0.000004007 0.000420401 0.358352736 0.000029665
10000 17071179 16875539 46 0.000002726 0.000258069 0.347225228 0.000028502
10000 16160675 12905062 3 0.000000232 0.000363781 0.362070922 0.000028789
10000 14027734 14027734 75 0.000005347 0.000385194 0.364341178 0.000029149
10000 12101786 12093460 19 0.000001571 0.000412603 0.361314063 0.000029418
10000 16636868 16636851 9 0.000000541 0.000303082 0.349607670 0.000029203
10000 19179323 15854855 97 0.000006118 0.000301955 0.347255759 0.000028844
10000 9757288 9757287 69 0.000007072 0.000402237 0.355604198 0.000029194
10000 14374674 14374598 49 0.000003409 0.000404752 0.365099408 0.000029338
10000 7936809 7867229 6 0.000000763 0.000310258 0.345792612 0.000029268
