10000 10028330 10028301 21 0.000002094 0.001551025 0.363168063 0.000030643
10000 34425307 34183667 50 0.000001463 0.000280255 0.386069041 0.000027337
10000 29082315 28885305 26 0.000000900 0.000297879 0.473817817 0.000057420
10000 36081827 35134032 83 0.000002362 0.000256290 0.385983231 0.000027013
10000 11575186 11575147 67 0.000005788 0.000417087 0.362785730 0.000029337
10000 12101853 12101853 55 0.000004545 0.000414717 0.364137051 0.000029514
10000 11076194 8727096 6 0.000000688 0.000351445 0.355304585 0.000029494
10000 14287689 13663504 7 0.000000512 0.000384709 0.360651708 0.000029268
10000 7886611 7759924 2 0.000000258 0.000320552 0.348097918 0.000029138
10000 11910919 11910918 6 0.000000504 0.000438580 0.361231418 0.000029408
10000 16210586 15110865 40 0.000002647 0.000344229 0.364543535 0.000028915
10000 16925705 16925705 49 0.000002895 0.000318975 0.294175924 0.000029299
10000 10712697 8396607 9 0.000001072 0.000379922 0.355558215 0.000029233
10000 6803136 6803136 26 0.000003822 0.000364563 0.360747045 0.000030823
10000 12365091 9501501 150 0.000015787 0.000369244 0.344676748 0.000028976
10000 7276373 7276373 6 0.000000825 0.000365992 0.359638567 0.000029366
10000 14070794 14070754 45 0.000003198 0.000384708 0.362466769 0.000029393
10000 12759830 12670909 72 0.000005682 0.000273615 0.290050689 0.000028877
10000 16523376 13402443 172 0.000012833 0.000357048 0.366126276 0.000028881
10000 19377856 16956952 37 0.000002182 0.000326327 0.366251955 0.000028841
