10000 177928 3327 3327 1.000000000 0.000302910 0.323106724 0.000027730
10000 98693 4157 4157 1.000000000 0.000200630 0.270305922 0.000027934
10000 216892 3141 3141 1.000000000 0.000327896 0.334249365 0.000028104
10000 131287 6247 6247 1.000000000 0.000191041 0.276178130 0.000027266
10000 93079 3510 3510 1.000000000 0.000224315 0.274789824 0.000028081
10000 91575 4372 4372 1.000000000 0.000313806 0.339459498 0.000027706
10000 136093 3774 3774 1.000000000 0.000300987 0.338888245 0.000027608
10000 216688 2844 2844 1.000000000 0.000310762 0.330765184 0.000028155
10000 94174 3910 3910 1.000000000 0.000211270 0.351521933 0.000047974
10000 134901 3281 3281 1.000000000 0.000329176 0.303450388 0.000027542
