10000 4038 4038 0.000275407 0.315300319 0.000028456
10000 6621 6621 0.000212053 0.272493687 0.000027349
10000 4264 4264 0.000307404 0.341204014 0.000027707
10000 4403 4403 0.000360144 0.338033840 0.000028225
10000 4928 4928 0.000280573 0.342349639 0.000030256
10000 2999 2999 0.000317956 0.345096207 0.000036301
10000 4492 4492 0.000307020 0.338699911 0.000027739
10000 4560 4560 0.000421140 0.334594822 0.000028629
10000 6753 6753 0.000189394 0.276508878 0.000029939
10000 5710 5710 0.000261372 0.322517890 0.000027997
