10000 3912 3912 0.000334765 0.342657762 0.000030394
10000 4463 4463 0.000322075 0.340175345 0.000028990
10000 3643 3643 0.000305407 0.342858942 0.000027692
10000 3050 3050 0.000307085 0.336213719 0.000029520
10000 4211 4211 0.000201672 0.270928559 0.000029442
10000 4576 4576 0.000302480 0.341898380 0.000029910
10000 2400 2400 0.000296964 0.338071034 0.000028246
10000 3097 3097 0.000299213 0.342746736 0.000030352
10000 6255 6255 0.000203946 0.273024797 0.000027359
10000 3785 3785 0.000231811 0.332019384 0.000028898
