10000 2809 2809 0.007790722 0.339240245 0.000027963
10000 3391 3391 0.000310743 0.339484708 0.000039988
10000 2934 2934 0.000320752 0.330375057 0.000029983
10000 2637 2637 0.000312178 0.333122003 0.000037683
10000 3583 3583 0.000207304 0.269423346 0.000028210
10000 3832 3832 0.000314038 0.336768264 0.000029170
10000 2955 2955 0.000332178 0.332741061 0.000030843
10000 6334 6334 0.000206309 0.276196209 0.000034672
10000 6281 6281 0.000204119 0.277562141 0.000029887
10000 3864 3864 0.000311181 0.339636155 0.000043865
