10000 4607 4607 0.000349799 0.339812352 0.000031688
10000 3390 3390 0.000292462 0.338497555 0.000028198
10000 3317 3317 0.000230768 0.369675209 0.000041809
10000 3428 3428 0.000315351 0.325245200 0.000028376
10000 4721 4721 0.000324484 0.338240996 0.000027804
10000 3338 3338 0.000287776 0.321514959 0.000035748
10000 5375 5375 0.000315326 0.338646608 0.000027988
10000 3988 3988 0.000200247 0.270555496 0.000028370
10000 4183 4183 0.000316669 0.338631925 0.000027756
10000 5071 5071 0.000489356 0.339705811 0.000027926
