10000 4753 4753 0.000329131 0.339126353 0.000028061
10000 4719 4719 0.000270814 0.342857757 0.000030447
10000 2973 2973 0.000305429 0.447512390 0.000043247
10000 6729 6729 0.000191812 0.324803521 0.000027690
10000 6388 6388 0.000200428 0.276165098 0.000030153
10000 4772 4772 0.000298079 0.339692091 0.000027820
10000 5088 5088 0.000296632 0.329253077 0.000027942
10000 6660 6660 0.000184032 0.275302545 0.000027464
10000 6781 6781 0.000188055 0.276112725 0.000029994
10000 4620 4620 0.000310706 0.338669880 0.000027835
