Test: sb
Date: 2019-11-01 10:24:48

Summary of PerpLE results (start = 10, steps = 9, tries = 3)
Iterations    |F HB Cycles   |H HB Cycles   |Harness Time  |F Checker Time|H Checker Time|F Rate (cyc/s)|H Rate (cyc/s)
10            |0.000         |6.667         |0.000174270   |0.000002665   |0.000001024   |0.000         |38031.490     
100           |1630.333      |48.000        |0.000171478   |0.000086269   |0.000001818   |6325340.548   |276983.268    
1000          |29471.333     |877.000       |0.000160113   |0.007062488   |0.000006243   |4080431.963   |5271816.122   
10000         |195294.667    |6071.333      |0.000197573   |0.289899690   |0.000026300   |673204.101    |27119582.858  
100000        |715878.667    |25871.000     |0.000933159   |25.431002040  |0.000272025   |28148.808     |21466419.807  
1000000       |4893746.333   |341866.667    |0.009431389   |3621.385858494|0.003578852   |1351.343      |26276734.547  
10000000      |0.000         |1887429.667   |0.070174219   |0.000000000   |0.036984591   |0.000         |17613387.761  
100000000     |0.000         |17343578.000  |0.491487230   |0.000000000   |0.335821202   |0.000         |20963859.833  
1000000000    |0.000         |140640583.333 |4.354304910   |0.000000000   |3.885016911   |0.000         |17069436.829  
10000000000   |0.000         |330541971.667 |8.682430277   |0.000000000   |6.711546128   |0.000         |21472163.070

Summary of litmus results (start = 10, steps = 9, tries = 3)
Iterations    |HB Cycles     |Litmus Time   |Rate (cycles/s)
10            |0.000         |0.000000000   |0.000         
100           |0.000         |0.000000000   |0.000         
1000          |0.000         |0.000000000   |0.000         
10000         |0.000         |0.003333333   |0.000         
100000        |19.667        |0.043333333   |453.846       
1000000       |80.333        |0.253333333   |317.105       
10000000      |933.333       |1.896666667   |492.091       
100000000     |939.333       |14.933333333  |62.902        
1000000000    |355.333       |146.203333333 |2.430         
10000000000   |1108185.000   |330.503333333 |3353.022
