10000 36 8 32 4.000000000 0.000642606 0.388871015 0.000028195
10000 98 86 68 0.790697674 0.000754257 0.383070952 0.000028426
10000 86 67 55 0.820895522 0.000776531 0.394660630 0.000028756
10000 2550 2550 2491 0.976862745 0.000372751 0.352170521 0.000039154
10000 0 0 0 -nan 0.000611519 0.375720884 0.000027661
10000 102 102 78 0.764705882 0.000656058 0.386732464 0.000028520
10000 285 285 258 0.905263158 0.000424300 0.351570254 0.000031092
10000 97 47 80 1.702127660 0.000706929 0.395365168 0.000029431
10000 64 26 47 1.807692308 0.000792819 0.384292326 0.000028374
10000 107 107 82 0.766355140 0.000668556 0.397337447 0.000029339
