10000 83 13 52 4.000000000 0.000758310 0.386874790 0.000028169
10000 39 9 38 4.222222222 0.000655700 0.395400676 0.000029026
10000 1768 166 65 0.391566265 0.000672122 0.377749976 0.000028188
10000 44 8 37 4.625000000 0.000700817 0.373296961 0.000027988
10000 39 21 39 1.857142857 0.000657701 0.385499662 0.000028504
10000 38 5 32 6.400000000 0.000793256 0.383665564 0.000028244
10000 91 15 60 4.000000000 0.000725625 0.389015999 0.000028274
10000 134 19 86 4.526315789 0.000776667 0.387088583 0.000028433
10000 101 14 74 5.285714286 0.000683314 0.378393529 0.000028082
10000 2975 1151 2892 2.512597741 0.000354614 0.341039810 0.000041963
