10000 40 24 29 1.208333333 0.000782034 0.383376614 0.000028120
10000 211 211 184 0.872037915 0.000434551 0.464494235 0.000042891
10000 77 42 65 1.547619048 0.000678376 0.386678318 0.000028382
10000 135 135 102 0.755555556 0.000647695 0.386853296 0.000028701
10000 81 81 60 0.740740741 0.000714008 0.374235098 0.000027998
10000 21 16 21 1.312500000 0.000673200 0.383842571 0.000031179
10000 110 109 90 0.825688073 0.000691068 0.395888444 0.000028672
10000 115 115 91 0.791304348 0.000667323 0.385168946 0.000028536
10000 173 167 146 0.874251497 0.000555111 0.369111759 0.000029096
10000 1212 1212 1171 0.966171617 0.000357449 0.340846480 0.000038787
