10000 151 85 125 1.470588235 0.002373619 0.434157931 0.000032276
10000 1516 858 1480 1.724941725 0.000352341 0.361476769 0.000040265
10000 141 44 121 2.750000000 0.000677717 0.385647141 0.000028651
10000 126 40 103 2.575000000 0.000685024 0.396646573 0.000029098
10000 2851 1155 2788 2.413852814 0.000351742 0.355397880 0.000038659
10000 33 7 29 4.142857143 0.000756876 0.382707611 0.000027996
10000 73 12 47 3.916666667 0.000656183 0.371478181 0.000028548
10000 111 35 91 2.600000000 0.000679225 0.385593736 0.000028502
10000 122 18 90 5.000000000 0.000789239 0.384226627 0.000028222
10000 106 29 76 2.620689655 0.000651792 0.396619604 0.000028991
