10000 20 19 20 1.052631579 0.000695706 0.398163952 0.000028896
10000 2311 2311 2283 0.987884033 0.000352110 0.358444743 0.000041356
10000 1027 1027 994 0.967867575 0.000331068 0.334301431 0.000034071
10000 114 95 82 0.863157895 0.000760995 0.384506509 0.000028324
10000 108 105 88 0.838095238 0.000675405 0.391404925 0.000028664
10000 2639 2639 2572 0.974611595 0.000337274 0.353203845 0.000040444
10000 610 591 586 0.991539763 0.000437947 0.332153870 0.000028746
10000 116 69 90 1.304347826 0.000698163 0.393077370 0.000028489
10000 30 6 22 3.666666667 0.000746371 0.395827524 0.000028746
10000 92 73 61 0.835616438 0.000691278 0.386542843 0.000028752
