10000 101 65 77 1.184615385 0.000748584 0.380550114 0.000028404
10000 109 90 81 0.900000000 0.000659532 0.382525268 0.000028455
10000 0 0 0 -nan 0.000633027 0.383482297 0.000028392
10000 226 226 194 0.858407080 0.000590041 0.376108314 0.000029406
10000 48 18 35 1.944444444 0.000773560 0.383267729 0.000028321
10000 131 131 77 0.587786260 0.000690229 0.383322991 0.000028344
10000 269 269 248 0.921933086 0.000432633 0.341030093 0.000030586
10000 2596 2596 2514 0.968412943 0.000375664 0.331526470 0.000033094
10000 582 582 502 0.862542955 0.000525493 0.389016165 0.000031467
10000 0 0 0 -nan 0.000627242 0.376608327 0.000027934
