100 17 0 0.000183468 0.000075786 0.000000802
100 16 0 0.000216138 0.000082122 0.000000845
100 63 0 0.000175323 0.000085630 0.000000862
100 17 0 0.000199989 0.000076052 0.000000893
100 17 0 0.000173291 0.000075704 0.000000896
1000 564 0 0.000369511 0.006964225 0.000000862
1000 230 0 0.000276637 0.006325053 0.000000701
1000 131 0 0.000266371 0.006008868 0.000000666
1000 115 0 0.000286387 0.005677253 0.000000711
1000 299 0 0.000303332 0.005480788 0.000000698
10000 1190 0 0.001315656 0.326866333 0.000000357
10000 5871 0 0.001873123 0.297573370 0.000000383
10000 5803 0 0.001910185 0.298283730 0.000000298
10000 3941 0 0.001571127 0.358756534 0.000000417
10000 2342 0 0.001713656 0.358150920 0.000000367
100000 0 0 0.015788730 0.000000000 0.000000896
100000 0 0 0.023980908 0.000000000 0.000000659
100000 0 0 0.016421952 0.000000000 0.000000592
100000 0 0 0.012218254 0.000000000 0.000000672
100000 0 0 0.011620868 0.000000000 0.000000595
1000000 0 0 0.116510586 0.000000000 0.000000462
1000000 0 0 0.133873632 0.000000000 0.000000470
1000000 0 0 0.132595499 0.000000000 0.000000481
1000000 0 0 0.078629860 0.000000000 0.000000982
1000000 0 0 0.144532971 0.000000000 0.000000989
10000000 0 0 0.880507615 0.000000000 0.000000724
10000000 0 0 0.682959970 0.000000000 0.000000736
10000000 0 0 0.699380006 0.000000000 0.000000972
10000000 0 0 0.925551889 0.000000000 0.000000394
10000000 0 0 0.680102711 0.000000000 0.000000402
100000000 0 0 6.846420519 0.000000000 0.000000619
100000000 0 0 7.751671085 0.000000000 0.000000353
100000000 0 0 7.086517743 0.000000000 0.000000675
100000000 0 0 6.687385207 0.000000000 0.000000304
100000000 0 0 8.671313912 0.000000000 0.000000421
