10000 17574 1259 1259 1.000000000 0.000319122 0.285707772 0.000032160
10000 13330 448 448 1.000000000 0.000397266 0.327732018 0.000031297
10000 43865 2908 2908 1.000000000 0.000412280 0.344391667 0.000031530
10000 19653 2098 2098 1.000000000 0.000277242 0.282935384 0.000031977
10000 4280 333 333 1.000000000 0.000399418 0.335829640 0.000029571
10000 41512 1395 1395 1.000000000 0.000378993 0.331622742 0.000031009
10000 41510 2722 2722 1.000000000 0.000390680 0.343958457 0.000030014
10000 34257 2718 2718 1.000000000 0.000252622 0.278579026 0.000029883
10000 4703 278 278 1.000000000 0.000355882 0.335471423 0.000029405
10000 31410 2057 2057 1.000000000 0.000379515 0.343207871 0.000029982
