10000 18836 0 1101 inf 0.000381503 0.341101852 0.000029390
10000 45791 0 3037 inf 0.000403777 0.339681814 0.000030095
10000 22644 0 2232 inf 0.000278946 0.272351915 0.000031226
10000 21853 0 1389 inf 0.000390350 0.339500800 0.000029598
10000 23819 0 1779 inf 0.000330860 0.325775448 0.000029614
10000 24907 0 907 inf 0.000325954 0.331259345 0.000030779
10000 28390 0 2191 inf 0.000261223 0.273321368 0.000029557
10000 3044 0 232 inf 0.000346479 0.336618642 0.000029687
10000 12205 0 342 inf 0.000421865 0.339177948 0.000031854
10000 38034 0 2132 inf 0.000332083 0.338528963 0.000030146
