10000 22640 1686 1686 1.000000000 0.000282492 0.315867013 0.000029672
10000 30076 2772 2772 1.000000000 0.000304545 0.272452251 0.000031709
10000 12901 905 905 1.000000000 0.000450634 0.344418935 0.000033419
10000 25681 2066 2066 1.000000000 0.000239810 0.273553275 0.000029596
10000 32410 2072 2072 1.000000000 0.000352227 0.344414446 0.000030177
10000 30541 2395 2395 1.000000000 0.000262706 0.282783330 0.000030469
10000 24210 806 806 1.000000000 0.000325887 0.328303086 0.000030936
10000 9338 234 234 1.000000000 0.000393119 0.329859030 0.000030653
10000 14546 940 940 1.000000000 0.000355699 0.344936648 0.000030161
10000 18036 1138 1138 1.000000000 0.000373056 0.337849707 0.000029507
