100 0 0 0.000097285 0.000026936 0.000000891
100 0 0 0.000101470 0.000027374 0.000000689
100 0 0 0.000102115 0.000026797 0.000000683
100 0 0 0.000105182 0.000030651 0.000000675
100 0 0 0.000102082 0.000027039 0.000000897
100 0 0 0.000116383 0.000027122 0.000000779
100 0 0 0.000105888 0.000027163 0.000000797
100 0 0 0.000102990 0.000027285 0.000000592
100 0 0 0.000100896 0.000027294 0.000000938
100 0 0 0.000101559 0.000026865 0.000000786
1000 28 1 0.000114781 0.002505360 0.000003392
1000 1 1 0.000114935 0.002504542 0.000003447
1000 24 1 0.000169604 0.005997306 0.000008182
1000 0 0 0.000107539 0.002496849 0.000003339
1000 1 1 0.000097185 0.002494126 0.000004597
1000 0 0 0.000115302 0.002496993 0.000003276
1000 0 0 0.000101219 0.002491197 0.000003382
1000 1 1 0.000111567 0.002495809 0.000004190
1000 0 0 0.000109536 0.002493386 0.000004143
1000 1 1 0.000104248 0.002495051 0.000003377
10000 148 1 0.000276487 0.249725503 0.000036566
10000 177 1 0.000291359 0.250212935 0.000037848
10000 184 1 0.000321281 0.249892619 0.000036060
10000 98 1 0.000313168 0.249596141 0.000036855
10000 174 1 0.000311851 0.251874433 0.000037323
10000 171 1 0.000314828 0.251878982 0.000035845
10000 180 1 0.000292984 0.250281638 0.000035599
10000 198 1 0.000306663 0.250172389 0.000036800
10000 75 1 0.000295634 0.249538985 0.000036812
10000 181 1 0.000277717 0.249998653 0.000035251
100000 1652 1 0.001849044 24.973179549 0.000596719
100000 1535 1 0.001903262 24.964722774 0.000594768
100000 1535 1 0.001744608 24.962175000 0.000572691
100000 4828 1 0.002456412 24.767486364 0.000585695
100000 8891 52 0.001077815 24.727715684 0.000578464
100000 1176 1 0.001032851 24.590897089 0.000590012
100000 1535 1 0.001103840 24.581611513 0.000547898
100000 5235 1 0.002287698 24.796772321 0.000544946
100000 1408 1 0.001912794 24.602060269 0.000585589
100000 4095 1 0.001156112 24.742686869 0.000576333
1000000 0 1 0.018457578 0.000000000 0.008503371
1000000 0 130 0.009552794 0.000000000 0.008392458
1000000 0 1 0.010316173 0.000000000 0.006967221
1000000 0 1 0.008551204 0.000000000 0.005965517
1000000 0 1 0.008287276 0.000000000 0.005091929
1000000 0 1 0.008230138 0.000000000 0.004575816
1000000 0 1 0.010026620 0.000000000 0.004439297
1000000 0 1 0.009182369 0.000000000 0.004061363
1000000 0 1 0.008938857 0.000000000 0.003867351
1000000 0 1 0.008918241 0.000000000 0.003701989
10000000 0 1 0.078473619 0.000000000 0.061292317
10000000 0 1 0.090001972 0.000000000 0.070915051
10000000 0 1 0.088641803 0.000000000 0.071459765
10000000 0 1 0.085942817 0.000000000 0.074088571
10000000 0 1 0.089061082 0.000000000 0.074664207
10000000 0 1 0.077713852 0.000000000 0.076167277
10000000 0 1 0.084612988 0.000000000 0.074114323
10000000 0 1 0.115825565 0.000000000 0.076564089
10000000 0 1 0.082831673 0.000000000 0.074381112
10000000 0 1 0.082344576 0.000000000 0.074542182
100000000 0 1 0.850881985 0.000000000 0.435269718
100000000 0 1 0.783379552 0.000000000 0.443025185
100000000 0 1 0.790899054 0.000000000 0.441024754
100000000 0 1 0.787693928 0.000000000 0.422746305
100000000 0 1 0.840836811 0.000000000 0.444461275
100000000 0 1 0.788017061 0.000000000 0.441752819
100000000 0 1 0.790498330 0.000000000 0.428284104
100000000 0 1 0.792820945 0.000000000 0.440918796
100000000 0 1 0.853855235 0.000000000 0.410280233
100000000 0 1 0.836004412 0.000000000 0.411167203
1000000000 0 1 8.602665422 0.000000000 5.282099378
1000000000 0 1 8.631601247 0.000000000 5.255497353
1000000000 0 1 8.581047165 0.000000000 5.540710643
1000000000 0 1 8.531166505 0.000000000 5.421986852
1000000000 0 1 8.615088113 0.000000000 5.449334616
1000000000 0 1 8.676432858 0.000000000 5.489377860
1000000000 0 1 8.597135553 0.000000000 5.518112091
1000000000 0 1 8.576223808 0.000000000 5.473023484
1000000000 0 1 8.629225381 0.000000000 5.454893747
1000000000 0 1 8.551969334 0.000000000 5.517751426
