10000 360 72 188 2.611111111 0.000671632 0.378160264 0.000028388
10000 155 15 62 4.133333333 0.000732625 0.374284539 0.000027187
10000 145 31 121 3.903225806 0.000654522 0.395307615 0.000027624
10000 7619 1219 5523 4.530762920 0.000384855 0.339081620 0.000049315
10000 108 24 90 3.750000000 0.000678620 0.380360199 0.000027522
10000 465 77 157 2.038961039 0.000473861 0.339587968 0.000028027
10000 282 39 197 5.051282051 0.000759740 0.390026963 0.000027833
10000 13547 1625 6039 3.716307692 0.000383957 0.365336934 0.000048547
10000 325 63 274 4.349206349 0.000580918 0.379010883 0.000028824
10000 9883 1437 6646 4.624913013 0.000382330 0.341556584 0.000050810
