10000 260 48 169 3.520833333 0.000726415 0.394176135 0.000029004
10000 148 28 111 3.964285714 0.000661342 0.383799866 0.000027705
10000 281 52 186 3.576923077 0.000776062 0.389371006 0.000028305
10000 0 0 0 -nan 0.000632191 0.377712178 0.000027130
10000 467 71 249 3.507042254 0.000710563 0.471171895 0.000040699
10000 566 80 362 4.525000000 0.000726483 0.374307610 0.000028756
10000 106 25 100 4.000000000 0.000641865 0.387066368 0.000027829
10000 6204 963 5012 5.204569055 0.000358490 0.354326266 0.000049082
10000 13166 1635 6291 3.847706422 0.000354714 0.334469470 0.000042924
10000 7223 1096 5972 5.448905109 0.000361830 0.308540588 0.000041297
