10000 167 37 145 3.918918919 0.000521244 0.363401341 0.000027900
10000 155 37 133 3.594594595 0.000653856 0.388177824 0.000027927
10000 5888 1022 4705 4.603718200 0.000370491 0.346258058 0.000048869
10000 238 57 190 3.333333333 0.000620716 0.396643250 0.000028493
10000 353 58 239 4.120689655 0.000734718 0.392535792 0.000028354
10000 57 7 39 5.571428571 0.000689490 0.453185390 0.000045765
10000 549 67 290 4.328358209 0.000760668 0.396487247 0.000029065
10000 12486 1578 6114 3.874524715 0.000371256 0.344690577 0.000047904
10000 529 69 307 4.449275362 0.000745969 0.391838837 0.000028554
10000 486 101 444 4.396039604 0.000560572 0.383891768 0.000032595
