10000 249 39 163 4.179487179 0.000751794 0.390489049 0.000027865
10000 159 33 122 3.696969697 0.000630460 0.392870390 0.000027871
10000 483 113 304 2.690265487 0.000535615 0.345986558 0.000028944
10000 371 57 241 4.228070175 0.000745336 0.387069235 0.000028190
10000 431 57 168 2.947368421 0.000455223 0.338846351 0.000028031
10000 333 49 172 3.510204082 0.000644078 0.371164748 0.000027998
10000 308 63 264 4.190476190 0.000734398 0.398561749 0.000029752
10000 274 44 167 3.795454545 0.000782278 0.387586498 0.000027971
10000 161 33 128 3.878787879 0.000646472 0.398802831 0.000028816
10000 6531 1057 5339 5.051087985 0.000353098 0.352007116 0.000047197
