100 0 0 0.000144361 0.000047439 0.000001055
100 0 0 0.000139128 0.000057807 0.000001050
100 0 0 0.000119470 0.000056620 0.000001096
100 0 0 0.000223328 0.000115843 0.000001849
100 0 0 0.000184358 0.000085500 0.000001712
100 0 0 0.000149219 0.000058119 0.000001083
100 0 0 0.000212733 0.000108582 0.000001718
100 0 0 0.000189860 0.000088805 0.000001673
100 0 0 0.000193488 0.000108610 0.000001858
100 0 0 0.000201369 0.000108180 0.000001716
1000 0 0 0.000370605 0.008211450 0.000006976
1000 0 0 0.000221542 0.005599422 0.000004607
1000 0 0 0.000278110 0.006018984 0.000004469
1000 0 0 0.000343671 0.007395909 0.000006187
1000 0 0 0.000251603 0.008370602 0.000007385
1000 0 0 0.000282150 0.010144654 0.000007617
1000 0 0 0.000356399 0.006707776 0.000005472
1000 0 0 0.000285022 0.009067722 0.000006893
1000 0 0 0.000354988 0.006607164 0.000005452
1000 0 0 0.000356834 0.006550117 0.000005356
10000 0 0 0.001098251 0.411135066 0.000026714
10000 0 0 0.002428916 0.421596335 0.000029412
10000 0 0 0.002247221 0.439765469 0.000027263
10000 0 0 0.001052325 0.330095706 0.000028316
10000 0 0 0.001381454 0.424588383 0.000026685
10000 0 0 0.002443596 0.419281728 0.000026734
10000 0 0 0.002253763 0.418990713 0.000029328
10000 0 0 0.001921201 0.334880389 0.000029308
10000 0 0 0.002257488 0.434700647 0.000026695
10000 0 0 0.002495830 0.424272428 0.000030053
100000 0 0 0.017642978 31.576774936 0.000313400
100000 0 0 0.020471827 33.059175619 0.000335745
100000 0 0 0.021636449 34.299428884 0.000337579
100000 0 0 0.009323032 38.214557974 0.000326074
100000 0 0 0.021263251 34.873957645 0.000380802
100000 0 0 0.021857700 34.499325035 0.000338469
100000 0 0 0.022034557 34.673630589 0.000372344
100000 0 0 0.021082863 35.235118803 0.000377886
100000 0 0 0.009976546 34.400528866 0.000343821
100000 0 0 0.011924069 31.358522808 0.000336343
1000000 0 0 0.185121456 3494.220115966 0.002535101
1000000 0 0 0.103023313 3425.350055120 0.002471632
1000000 0 0 0.159404320 3542.529700583 0.002809659
