10000 0 0 113 inf 0.002160647 0.418682024 0.000031473
10000 0 0 39 inf 0.002159334 0.422026719 0.000030409
10000 0 0 70 inf 0.002091473 0.420132361 0.000030771
10000 39975 9995 38 0.003801901 0.001695304 0.417041589 0.000029234
10000 0 0 54 inf 0.002013131 0.412994384 0.000030506
10000 85151127 109813 0 0.000000000 0.002573588 0.524083672 0.000031575
10000 0 0 188 inf 0.002074362 0.415532640 0.000031281
10000 0 0 465 inf 0.001745011 0.344147962 0.000034691
10000 0 0 0 -nan 0.002881304 0.442177561 0.000029404
10000 0 0 94 inf 0.002124766 0.420667070 0.000031167
