10000 10000 10000 330 0.033000000 0.002125105 0.419190400 0.000036043
10000 0 0 133 inf 0.001773860 0.342315139 0.000031941
10000 129836 9990 377 0.037737738 0.002212279 0.425896310 0.000034132
10000 0 0 539 inf 0.001772918 0.361542199 0.000036133
10000 0 0 133 inf 0.001727640 0.336464862 0.000030032
10000 0 0 102 inf 0.002107191 0.431339357 0.000031228
10000 0 0 175 inf 0.001757278 0.358386547 0.000032475
10000 0 0 345 inf 0.002132452 0.421845901 0.000033721
10000 0 0 157 inf 0.002133519 0.424949027 0.000031872
10000 0 0 472 inf 0.002108341 0.416640785 0.000034714
