10000 0 0 0 -nan 0.000408300 0.473573617 0.000046359
10000 0 0 0 -nan 0.000286748 0.454422153 0.000049346
10000 0 0 0 -nan 0.000641383 0.582118360 0.000055161
10000 0 0 0 -nan 0.000496294 0.480445297 0.000046821
10000 0 0 0 -nan 0.000502090 0.452861002 0.000039330
10000 0 0 0 -nan 0.000454265 0.488767325 0.000049273
10000 0 0 0 -nan 0.000310192 0.514602466 0.000049593
10000 0 0 0 -nan 0.000301797 0.432322433 0.000041444
10000 0 0 0 -nan 0.000349569 0.406808548 0.000044401
10000 0 0 0 -nan 0.000303628 0.408981023 0.000045934
