10000 0 0 0 -nan 0.000443391 0.483648456 0.000046732
10000 0 0 0 -nan 0.000350997 0.381709889 0.000039969
10000 18 18 1 0.055555556 0.000454015 0.464405627 0.000045917
10000 0 0 0 -nan 0.000428417 0.498602862 0.000048588
10000 0 0 0 -nan 0.000397722 0.467765655 0.000046627
10000 0 0 0 -nan 0.000510017 0.440058417 0.000042856
10000 0 0 0 -nan 0.000454912 0.478524492 0.000046148
10000 0 0 0 -nan 0.000492314 0.470360037 0.000046575
10000 0 0 0 -nan 0.000578659 0.516192137 0.000058821
10000 0 0 1 inf 0.000580728 0.462282534 0.000041033
