10000 0 0 0 -nan 0.000573661 0.434038423 0.000046467
10000 0 0 0 -nan 0.000270828 0.438208660 0.000046982
10000 0 0 0 -nan 0.000278416 0.399397237 0.000042241
10000 0 0 0 -nan 0.000325305 0.335706203 0.000034481
10000 0 0 0 -nan 0.000719959 0.448560905 0.000042220
10000 0 0 0 -nan 0.000473115 0.489755453 0.000049038
10000 5 5 1 0.200000000 0.000527326 0.400940897 0.000043153
10000 0 0 0 -nan 0.000455687 0.442192779 0.000039571
10000 0 0 0 -nan 0.000676825 0.446353136 0.000042599
10000 0 0 0 -nan 0.000370250 0.446555446 0.000107407
