10000 0 0 0 -nan 0.000435820 0.456826967 0.000045804
10000 0 0 0 -nan 0.000483094 0.446719985 0.000038350
10000 0 0 0 -nan 0.000666174 0.419056599 0.000040711
10000 0 0 0 -nan 0.000354641 0.406335385 0.000044427
10000 0 0 0 -nan 0.000455318 0.477606801 0.000046513
10000 0 0 0 -nan 0.000435435 0.464393589 0.000046414
10000 0 0 0 -nan 0.000427281 0.477411510 0.000046906
10000 0 0 0 -nan 0.000397982 0.469273799 0.000046902
10000 0 0 0 -nan 0.000446925 0.426176714 0.000037548
10000 0 0 0 -nan 0.000604709 0.428433590 0.000042240
10000 0 0 0 -nan 0.000388086 0.460571356 0.000039520
10000 0 0 0 -nan 0.000363513 0.462175589 0.000045845
10000 0 0 0 -nan 0.000496942 0.477357738 0.000046517
10000 0 0 0 -nan 0.000479167 0.473526467 0.000046812
10000 0 0 0 -nan 0.000295858 0.450068428 0.000048250
10000 0 0 0 -nan 0.000502666 0.433953054 0.000038237
10000 0 0 0 -nan 0.000262287 0.426754506 0.000046887
10000 6 6 1 0.166666667 0.000494194 0.481950644 0.000047394
10000 0 0 0 -nan 0.000382394 0.428052873 0.000035120
10000 0 0 0 -nan 0.000623883 0.431306135 0.000042510
