10000 0 0 0 -nan 0.000484097 0.439374821 0.000039501
10000 0 0 0 -nan 0.000400030 0.474370164 0.000046437
10000 0 0 0 -nan 0.000254096 0.437977841 0.000047560
10000 0 0 0 -nan 0.000445178 0.484824050 0.000048801
10000 0 0 0 -nan 0.000316290 0.455908001 0.000050059
10000 0 0 0 -nan 0.000298926 0.406420317 0.000044041
10000 0 0 0 -nan 0.000505981 0.437298321 0.000038798
10000 0 0 0 -nan 0.000427331 0.466508100 0.000046235
10000 0 0 0 -nan 0.000452595 0.480751845 0.000046440
10000 0 0 0 -nan 0.000593444 0.453508267 0.000043276
