10000 0 0 0 -nan 0.000417611 0.486868025 0.000046200
10000 0 0 0 -nan 0.000356461 0.447652879 0.000039764
10000 0 0 0 -nan 0.000415497 0.425017528 0.000045981
10000 0 0 0 -nan 0.000355476 0.384096055 0.000040473
10000 0 0 0 -nan 0.000493352 0.469726074 0.000042666
10000 0 0 0 -nan 0.000359154 0.378676409 0.000039525
10000 0 0 0 -nan 0.000363253 0.378868579 0.000039392
10000 16 16 1 0.062500000 0.000465392 0.472933066 0.000046852
10000 5 5 1 0.200000000 0.000315371 0.466836085 0.000050355
10000 0 0 0 -nan 0.000457679 0.445356807 0.000039504
