10000 0 0 0 -nan 0.000461760 0.488318024 0.000046970
10000 0 0 0 -nan 0.000633382 0.414989559 0.000042490
10000 0 0 0 -nan 0.000371037 0.421595583 0.000045515
10000 0 0 0 -nan 0.000466521 0.428421902 0.000037665
10000 0 0 0 -nan 0.000724229 0.446085687 0.000043063
10000 0 0 0 -nan 0.000473580 0.490249260 0.000048580
10000 0 0 0 -nan 0.000525876 0.495062088 0.000046651
10000 0 0 0 -nan 0.000341703 0.396042277 0.000040034
10000 0 0 0 -nan 0.000433116 0.456027679 0.000046907
10000 0 0 0 -nan 0.000489872 0.432372266 0.000037955
