10000 0 0 0 -nan 0.000463504 0.436327078 0.000036450
10000 0 0 0 -nan 0.000330868 0.382053272 0.000038626
10000 0 0 0 -nan 0.000455531 0.473926064 0.000046967
10000 0 0 0 -nan 0.000471543 0.434755550 0.000038133
10000 0 0 0 -nan 0.000655305 0.431974895 0.000042597
10000 0 0 0 -nan 0.000352481 0.476528685 0.000047357
10000 0 0 0 -nan 0.000307838 0.434186675 0.000047103
10000 0 0 0 -nan 0.000351943 0.359014346 0.000036929
10000 0 0 0 -nan 0.000483289 0.463119829 0.000045861
10000 0 0 0 -nan 0.000309800 0.491201953 0.000048853
