10000 0 0 0 -nan 0.000684401 0.574021096 0.000067358
10000 0 0 0 -nan 0.000648998 0.464283528 0.000042313
10000 0 0 0 -nan 0.000483970 0.477572091 0.000049378
10000 27 27 2 0.074074074 0.000504312 0.483299013 0.000048795
10000 0 0 0 -nan 0.000359582 0.395593372 0.000040351
10000 0 0 0 -nan 0.000524568 0.443005877 0.000037757
10000 0 0 0 -nan 0.000689673 0.415909642 0.000042131
10000 0 0 0 -nan 0.000438118 0.430543529 0.000048277
10000 0 0 0 -nan 0.000419595 0.474541164 0.000046495
10000 0 0 0 -nan 0.000384660 0.559441574 0.000058128
