10000 18 18 2 0.111111111 0.000323725 0.453614264 0.000046798
10000 0 0 0 -nan 0.000540514 0.406013855 0.000035998
10000 0 0 0 -nan 0.000384393 0.396140335 0.000042658
10000 0 0 0 -nan 0.000447531 0.432005357 0.000045355
10000 0 0 0 -nan 0.000500686 0.469377483 0.000046369
10000 0 0 0 -nan 0.000278498 0.434523405 0.000047324
10000 0 0 0 -nan 0.000290890 0.395190745 0.000041925
10000 0 0 0 -nan 0.000429613 0.483880226 0.000046663
10000 0 0 0 -nan 0.000379541 0.385083493 0.000039779
10000 0 0 0 -nan 0.000459494 0.481224238 0.000047065
