10000 0 0 0 -nan 0.000400000 0.430119010 0.000128283
10000 0 0 0 -nan 0.000424555 0.429796021 0.000039253
10000 0 0 0 -nan 0.000500417 0.486946792 0.000046873
10000 0 0 0 -nan 0.000477807 0.483168698 0.000049110
10000 0 0 0 -nan 0.000293901 0.456616133 0.000043837
10000 0 0 0 -nan 0.000349084 0.353789752 0.000036408
10000 16 16 1 0.062500000 0.000499073 0.489082454 0.000047069
10000 0 0 0 -nan 0.000529068 0.440121008 0.000038363
10000 0 0 0 -nan 0.000374927 0.424781369 0.000045186
10000 0 0 0 -nan 0.000280075 0.436079880 0.000047454
