10000 0 0 0 -nan 0.000463173 0.464231639 0.000046699
10000 0 0 0 -nan 0.000675076 0.411048147 0.000041839
10000 0 0 0 -nan 0.000487613 0.484681853 0.000048586
10000 0 0 0 -nan 0.000666766 0.412879565 0.000037267
10000 0 0 0 -nan 0.000350873 0.381642234 0.000040099
10000 0 0 0 -nan 0.000484480 0.477293783 0.000046654
10000 0 0 0 -nan 0.000386236 0.449016010 0.000039720
10000 0 0 0 -nan 0.000434848 0.488367611 0.000046656
10000 0 0 0 -nan 0.000467629 0.448343355 0.000039186
10000 0 0 0 -nan 0.000474181 0.474905279 0.000046738
10000 0 0 0 -nan 0.000487616 0.437701858 0.000037816
10000 25 25 2 0.080000000 0.000490330 0.469630390 0.000046478
10000 0 0 0 -nan 0.000669742 0.419086592 0.000041895
10000 0 0 0 -nan 0.000389896 0.420909270 0.000045851
10000 0 0 0 -nan 0.000469605 0.437388076 0.000037896
10000 0 0 0 -nan 0.000478053 0.474345058 0.000046467
10000 0 0 0 -nan 0.000357467 0.493483373 0.000047575
10000 0 0 0 -nan 0.000401864 0.468201797 0.000047116
10000 0 0 0 -nan 0.000374984 0.400910827 0.000033547
10000 0 0 0 -nan 0.000619984 0.429395266 0.000042554
