100 0 0 0.000150621 0.000051748 0.000001616
100 0 0 0.000147890 0.000049153 0.000001644
100 0 0 0.000164876 0.000049184 0.000001934
100 0 0 0.000137737 0.000049252 0.000001905
100 0 0 0.000200464 0.000067985 0.000002196
100 0 0 0.000129508 0.000027952 0.000000847
100 0 0 0.000094234 0.000026564 0.000000990
100 0 0 0.000101056 0.000027149 0.000000828
100 0 0 0.000110167 0.000028041 0.000000807
100 0 0 0.000099489 0.000026810 0.000000956
1000 0 0 0.000197936 0.005843572 0.000009285
1000 0 0 0.000108912 0.002488650 0.000004503
1000 0 0 0.000160978 0.004041191 0.000008318
1000 0 0 0.000162945 0.003877984 0.000008412
1000 0 0 0.000195272 0.005442990 0.000010116
1000 1 0 0.000122579 0.002489205 0.000004108
1000 1 0 0.000195534 0.004806819 0.000007831
1000 0 0 0.000177593 0.004529306 0.000009520
1000 1 0 0.000139863 0.002490419 0.000004742
1000 0 0 0.000163144 0.004289413 0.000007396
10000 513 0 0.000247405 0.247690697 0.000043892
10000 563 0 0.000401966 0.324592195 0.000044653
10000 199 0 0.000310363 0.247671929 0.000042505
10000 594 0 0.000374466 0.310225406 0.000043380
10000 153 0 0.000297703 0.252896392 0.000041906
10000 232 0 0.000309130 0.248219136 0.000044108
10000 780 0 0.000417131 0.322784983 0.000042602
10000 170 0 0.000324666 0.252799653 0.000045532
10000 216 0 0.000371632 0.322757742 0.000045394
10000 237 0 0.000285809 0.252471176 0.000043108
100000 65284 0 0.002073618 23.909739613 0.000937240
100000 15688 0 0.001889431 23.989350822 0.000889303
100000 16681 0 0.001910296 23.887009416 0.000907352
100000 16673 0 0.001910586 31.449936866 0.001366354
100000 66428 0 0.001996811 23.924612717 0.000913664
100000 15284 0 0.001879039 26.684633521 0.000951801
100000 62921 0 0.002358224 23.922016833 0.000913914
100000 14498 0 0.001804681 23.761522654 0.000913297
100000 16872 0 0.001867412 31.491365777 0.001363040
100000 65453 0 0.001993059 23.930702097 0.000949929
1000000 0 0 0.017649682 0.000000000 0.008848556
1000000 0 0 0.019868013 0.000000000 0.007912448
1000000 0 0 0.019541823 0.000000000 0.009337775
1000000 0 0 0.014620534 0.000000000 0.004139258
1000000 0 0 0.018110285 0.000000000 0.009908871
1000000 0 0 0.018502408 0.000000000 0.009142744
1000000 0 0 0.015358580 0.000000000 0.005085200
1000000 0 0 0.019137537 0.000000000 0.006992284
1000000 0 0 0.017984077 0.000000000 0.005136569
1000000 0 0 0.017669047 0.000000000 0.004169239
10000000 0 0 0.131724679 0.000000000 0.042633663
10000000 0 0 0.143978243 0.000000000 0.043857469
10000000 0 0 0.115652535 0.000000000 0.046903477
10000000 0 0 0.097853875 0.000000000 0.046678795
10000000 0 0 0.116159695 0.000000000 0.046893257
10000000 0 0 0.115578016 0.000000000 0.060545714
10000000 0 0 0.115493407 0.000000000 0.058598438
10000000 0 0 0.133990681 0.000000000 0.065025728
10000000 0 0 0.135781938 0.000000000 0.067219792
10000000 0 0 0.115878247 0.000000000 0.062451656
100000000 0 0 0.972023959 0.000000000 0.523668461
100000000 0 0 0.966455964 0.000000000 0.434053206
100000000 0 0 0.953567115 0.000000000 0.438887075
100000000 0 0 0.936185731 0.000000000 0.433951164
100000000 0 0 1.020627697 0.000000000 0.430637673
100000000 0 0 0.996768360 0.000000000 0.434910483
100000000 0 0 0.984309722 0.000000000 0.468304798
100000000 0 0 0.963689084 0.000000000 0.479590088
100000000 0 0 0.933208352 0.000000000 0.473595745
100000000 0 0 1.010944677 0.000000000 0.472360277
1000000000 0 0 8.903991390 0.000000000 7.909413626
1000000000 0 0 9.038129288 0.000000000 7.891536749
1000000000 0 0 8.753998171 0.000000000 7.684213013
1000000000 0 0 8.918236160 0.000000000 7.859446006
1000000000 0 0 9.006190415 0.000000000 8.169341706
1000000000 0 0 8.938662437 0.000000000 7.851841235
1000000000 0 0 8.921502123 0.000000000 8.011775781
1000000000 0 0 8.866014347 0.000000000 8.238870897
1000000000 0 0 8.616048929 0.000000000 7.823750603
1000000000 0 0 9.339044639 0.000000000 9.369320257
