10 0 0.000000 0.000000
10 0 0.000000 0.000000
10 0 0.000000 0.000000
10 0 0.000000 0.000000
10 0 0.000000 0.000000
10 10 0.000000 0.000000
10 10 0.000000 0.000000
10 0 0.000000 0.000000
10 0 0.000000 0.000000
10 0 0.000000 0.000000
100 100 0.000000 0.000000
100 0 0.000000 0.000000
100 100 0.000000 0.000000
100 0 0.000000 0.000000
100 8 0.000000 0.000000
100 0 0.000000 0.000000
100 0 0.000000 0.000000
100 0 0.000000 0.000000
100 83 0.000000 0.000000
100 7 0.000000 0.000000
1000 787 0.000000 0.000000
1000 881 0.000000 0.000000
1000 773 0.000000 0.000000
1000 951 0.000000 0.000000
1000 541 0.000000 0.000000
1000 936 0.000000 0.000000
1000 1000 0.000000 0.000000
1000 851 0.000000 0.000000
1000 866 0.000000 0.000000
1000 898 0.000000 0.000000
10000 9888 0.000000 0.000000
10000 9870 0.000000 0.000000
10000 9795 0.000000 0.000000
10000 8525 0.000000 0.000000
10000 9884 0.000000 0.000000
10000 9895 0.000000 0.000000
10000 9602 0.000000 0.000000
10000 9921 0.000000 0.000000
10000 9596 0.000000 0.000000
10000 9870 0.000000 0.000000
100000 70474 0.000000 0.000000
100000 86018 0.010000 0.000000
100000 74445 0.000000 0.000000
100000 75452 0.000000 0.000000
100000 72182 0.000000 0.000000
100000 84200 0.010000 0.000000
100000 74738 0.000000 0.000000
100000 72563 0.000000 0.000000
100000 73134 0.000000 0.000000
100000 62337 0.000000 0.000000
1000000 647412 0.000000 0.010000
1000000 807430 0.000000 0.010000
1000000 813733 0.000000 0.010000
1000000 750441 0.000000 0.010000
1000000 853142 0.070000 0.000000
1000000 635930 0.040000 0.010000
1000000 639432 0.070000 0.000000
1000000 503786 0.070000 0.000000
1000000 702341 0.000000 0.010000
1000000 714368 0.000000 0.010000
10000000 6948799 0.090000 0.030000
10000000 3373583 0.350000 0.030000
10000000 4385510 0.460000 0.030000
10000000 6088286 0.400000 0.030000
10000000 6517085 0.070000 0.030000
10000000 7234418 0.090000 0.030000
10000000 6551602 0.080000 0.030000
10000000 6537952 0.070000 0.030000
10000000 7733767 0.090000 0.030000
10000000 7589232 0.090000 0.030000
100000000 60541164 4.040000 0.250000
100000000 59772726 0.690000 0.240000
100000000 28033573 6.600000 0.250000
100000000 50440288 5.240000 0.250000
100000000 59291885 0.670000 0.250000
100000000 62407811 0.750000 0.250000
100000000 58134565 5.190000 0.260000
100000000 60421963 0.680000 0.270000
100000000 44492986 5.010000 0.250000
100000000 59994956 0.670000 0.250000
