100 0 0 0.000166341 0.000058066 0.000001855
100 0 0 0.000147700 0.000053974 0.000001937
100 0 0 0.000178839 0.000071819 0.000002559
100 0 0 0.000162035 0.000050859 0.000001663
100 0 0 0.000161480 0.000054282 0.000002366
100 0 0 0.000174626 0.000066404 0.000002196
100 0 0 0.000169670 0.000075972 0.000002168
100 0 0 0.000146008 0.000061891 0.000002007
100 0 0 0.000166374 0.000066221 0.000002176
100 0 0 0.000165615 0.000062704 0.000001707
1000 0 0 0.000183950 0.004458611 0.000006150
1000 0 0 0.000187674 0.004697448 0.000006121
1000 0 0 0.000152263 0.004121942 0.000005877
1000 0 0 0.000138991 0.003997119 0.000005526
1000 0 0 0.000171764 0.004420371 0.000006312
1000 0 0 0.000169703 0.005328904 0.000007687
1000 0 0 0.000187805 0.005111620 0.000007264
1000 0 0 0.000209870 0.006675049 0.000010261
1000 0 0 0.000165588 0.004702572 0.000006653
1000 0 0 0.000128848 0.003475669 0.000004883
10000 0 0 0.000219670 0.251954579 0.000039277
10000 0 0 0.000335640 0.316070021 0.000036793
10000 0 0 0.000271866 0.317800849 0.000036593
10000 0 0 0.000299956 0.318663877 0.000041440
10000 0 0 0.000231317 0.247284865 0.000037096
10000 0 0 0.000390181 0.316685310 0.000036644
10000 0 0 0.000206077 0.247292290 0.000039487
10000 0 0 0.000278759 0.318190760 0.000036660
10000 0 0 0.000240663 0.247290885 0.000037562
10000 0 0 0.000233658 0.247253510 0.000036545
100000 0 0 0.001178429 23.261131598 0.001206217
100000 0 0 0.001259507 23.401146988 0.000645189
100000 0 0 0.001340693 23.377408310 0.000690701
100000 0 0 0.001691338 23.374564132 0.000594669
100000 0 0 0.001154270 23.425927229 0.000582856
100000 0 0 0.001095333 23.248829879 0.000591294
100000 0 0 0.001304932 30.777339220 0.000853233
100000 0 0 0.001667028 23.374541075 0.000579628
100000 0 0 0.001151628 23.374623240 0.000582119
100000 0 0 0.001097433 23.905505441 0.000462883
1000000 0 0 0.009821158 0.000000000 0.008226832
1000000 0 0 0.008740565 0.000000000 0.003222336
1000000 0 0 0.008498671 0.000000000 0.003210958
1000000 0 0 0.008135332 0.000000000 0.003200331
1000000 0 0 0.007661441 0.000000000 0.003196672
1000000 0 0 0.008071632 0.000000000 0.005469353
1000000 0 0 0.008290669 0.000000000 0.004974530
1000000 0 0 0.015315643 0.000000000 0.007175013
1000000 0 0 0.009305018 0.000000000 0.003208089
1000000 0 0 0.009447634 0.000000000 0.003205401
10000000 0 0 0.082208264 0.000000000 0.032524891
10000000 0 0 0.077912371 0.000000000 0.045779010
10000000 0 0 0.078149385 0.000000000 0.031818315
10000000 0 0 0.100920562 0.000000000 0.047106504
10000000 0 0 0.081937066 0.000000000 0.032134904
10000000 0 0 0.075818208 0.000000000 0.032143467
10000000 0 0 0.081866223 0.000000000 0.032515703
10000000 0 0 0.088604979 0.000000000 0.043597400
10000000 0 0 0.079246378 0.000000000 0.043912886
10000000 0 0 0.095933335 0.000000000 0.049090447
100000000 0 0 0.529236882 0.000000000 0.311334191
100000000 0 0 0.514332082 0.000000000 0.321256385
100000000 0 0 0.624095478 0.000000000 0.319568175
100000000 0 0 0.561793062 0.000000000 0.324802197
100000000 0 0 0.557172692 0.000000000 0.321599409
100000000 0 0 0.529920004 0.000000000 0.412109577
100000000 0 0 0.559141533 0.000000000 0.313005509
100000000 0 0 0.556355081 0.000000000 0.333509163
100000000 0 0 0.550987408 0.000000000 0.313961125
100000000 0 0 0.537218164 0.000000000 0.370135391
1000000000 0 0 5.301598540 0.000000000 7.828043911
1000000000 0 0 4.862917355 0.000000000 4.933318521
1000000000 0 0 5.711859636 0.000000000 5.022818416
1000000000 0 0 5.217413274 0.000000000 4.941297715
1000000000 0 0 5.245915643 0.000000000 6.221910579
1000000000 0 0 4.816337484 0.000000000 4.906492020
1000000000 0 0 4.706433229 0.000000000 6.224119332
1000000000 0 0 4.699254587 0.000000000 6.381229338
1000000000 0 0 4.700727087 0.000000000 9.670073362
1000000000 0 0 4.640608479 0.000000000 5.058448032
