100000 0 56001 0.011605236 0.000000000 0.000539669
100000 0 55649 0.010608310 0.000000000 0.000528479
100000 0 28673 0.010367627 0.000000000 0.000707273
100000 0 46573 0.010031435 0.000000000 0.000697318
100000 0 37681 0.010378020 0.000000000 0.000589670
1000000 0 339908 0.095192983 0.000000000 0.005291822
1000000 0 314065 0.089700792 0.000000000 0.004759736
1000000 0 123179 0.063178283 0.000000000 0.005313995
1000000 0 484439 0.103436572 0.000000000 0.006139211
1000000 0 312441 0.091761088 0.000000000 0.004755749
10000000 0 2499376 0.855382638 0.000000000 0.079589748
10000000 0 3214173 0.871700449 0.000000000 0.043711358
10000000 0 4252808 0.947868426 0.000000000 0.052832047
10000000 0 3657380 0.889757591 0.000000000 0.045427143
10000000 0 2516601 0.864433809 0.000000000 0.087874590
100000000 0 32801355 6.180387766 0.000000000 1.012652690
100000000 0 27651603 4.904008346 0.000000000 0.901203441
100000000 0 19461456 5.773551384 0.000000000 0.783560380
100000000 0 24103596 7.868276374 0.000000000 1.134243489
100000000 0 26434856 7.578109290 0.000000000 0.948113391
1000000000 0 294554208 79.887400896 0.000000000 16.616846861
1000000000 0 277721620 69.140891018 0.000000000 10.838117687
1000000000 0 250128097 84.715685606 0.000000000 10.631954167
1000000000 0 289876695 55.181683826 0.000000000 8.378139978
1000000000 0 263146189 52.065453615 0.000000000 8.076990201
