100 11 11 0.000101291 0.000027075 0.000000701
100 0 0 0.000114155 0.000025401 0.000000605
100 0 0 0.000103103 0.000026715 0.000000777
100 0 0 0.000082189 0.000025215 0.000000615
100 1561 69 0.000089353 0.000029175 0.000000760
100 0 0 0.000097392 0.000028303 0.000000598
100 206 30 0.000110625 0.000026724 0.000000744
100 1250 54 0.000103168 0.000030989 0.000000969
100 0 0 0.000102918 0.000026932 0.000000696
100 0 0 0.000097711 0.000025821 0.000000679
1000 8082 355 0.000111789 0.002596377 0.000002942
1000 17868 862 0.000108087 0.002578443 0.000003051
1000 5663 309 0.000099040 0.002589936 0.000003468
1000 16316 851 0.000115848 0.002582994 0.000003957
1000 5238 248 0.000099949 0.002594257 0.000003347
1000 19191 869 0.000090151 0.002555667 0.000003047
1000 9356 412 0.000111695 0.002592876 0.000002973
1000 20775 887 0.000088625 0.002561396 0.000004718
1000 19508 855 0.000101255 0.002582677 0.000002966
1000 12550 534 0.000125769 0.002586916 0.000002962
10000 86880 3911 0.000164225 0.254370876 0.000029408
10000 126823 6083 0.000211591 0.255631536 0.000032913
10000 137974 6420 0.000203402 0.255431287 0.000031454
10000 69685 4042 0.000191290 0.255438369 0.000029285
10000 113801 5403 0.000205229 0.255517012 0.000029532
10000 113150 4969 0.000280386 0.325166037 0.000030015
10000 120743 3902 0.000143490 0.253642705 0.000029661
10000 133824 6271 0.000209894 0.255715010 0.000029914
10000 95149 5742 0.000203824 0.255398884 0.000032923
10000 89101 5137 0.000208401 0.254919179 0.000028968
100000 334968 18668 0.001035139 25.487568678 0.000407804
