10000 3882 244 244 1.000000000 0.002259624 0.526909260 0.000037259
10000 39417 2693 2693 1.000000000 0.000373998 0.489056940 0.000040236
10000 36690 3066 3066 1.000000000 0.000321595 0.445102371 0.000041670
10000 25045 1573 1573 1.000000000 0.001181912 0.501378851 0.000043816
10000 21951 1788 1788 1.000000000 0.000283532 0.450664857 0.000034690
10000 7647 443 443 1.000000000 0.000374218 0.501236586 0.000038806
10000 27095 2141 2141 1.000000000 0.000238785 0.489891042 0.000039101
10000 22447 759 759 1.000000000 0.000299809 0.463545566 0.000040252
10000 27440 2385 2385 1.000000000 0.000251845 0.450434990 0.000039651
10000 27699 2020 2020 1.000000000 0.000323286 0.492175084 0.000041736
