Test: sb
Date: 2019-11-01 02:04:28

Summary of PerpLE results (start = 10, steps = 10, tries = 5)
Iterations    |F HB Cycles   |H HB Cycles   |Harness Time  |F Checker Time|H Checker Time|F Rate (cyc/s)|H Rate (cyc/s)
10            |20.000        |4.000         |0.000154415   |0.000000779   |0.000000900   |128870.629    |25754.013     
100           |1256.000      |55.000        |0.000163820   |0.000001370   |0.000001420   |7603402.644   |332849.189    
1000          |38280.600     |957.200       |0.000157127   |0.000005723   |0.000005875   |235066337.039 |5872298.969   
10000         |230733.200    |4738.200      |0.000284080   |0.000027918   |0.000027286   |739533753.720 |15217451.348  
100000        |605074.800    |23050.600     |0.001322932   |0.000350550   |0.000260442   |361566362.829 |14557897.937  
1000000       |5580000.000   |209419.800    |0.009381058   |0.003185681   |0.002439561   |444029281.487 |17716483.375  
10000000      |0.000         |2048563.000   |0.070849355   |0.038162460   |0.035172384   |0.000         |19322103.366  
100000000     |0.000         |14659687.000  |0.514225401   |0.347578864   |0.317640318   |0.000         |17622660.318  
1000000000    |0.000         |166007432.200 |4.809325109   |3.972558723   |4.288019551   |0.000         |18247899.624  
10000000000   |0.000         |170892201.400 |6.108607056   |5.252979708   |5.609501524   |0.000         |14583599.412  


Summary of litmus results (start = 10, steps = 10, tries = 5)
Iterations    |HB Cycles     |Litmus Time   |Rate (cycles/s)
10            |0.000         |0.000000000   |0.000         
100           |0.200         |0.000000000   |0.000         
1000          |0.000         |0.000000000   |0.000         
10000         |0.200         |0.002000000   |100.000       
100000        |7.400         |0.032000000   |231.250       
1000000       |17.200        |0.218000000   |78.899        
10000000      |8.200         |1.582000000   |5.183         
100000000     |96.800        |15.450000000  |6.265         
1000000000    |906.200       |166.590000000 |5.440         
10000000000   |6027873.200   |458.568000000 |13144.993     

